[[	0,7,4,3,0,2,0,0,0,
	0,0,0,0,0,5,0,4,0,
	0,0,0,6,0,7,9,0,0,
	0,5,6,0,0,0,7,9,0,
	3,0,0,0,0,0,0,0,5,
	0,2,7,0,0,0,6,8,0,
	0,0,5,7,0,1,0,0,0,
	0,1,0,2,0,0,0,0,0,
	0,0,0,4,0,8,1,6,0	], 2	],







[[	0,7,4,3,0,2,8,0,6,
	0,0,0,0,0,5,0,4,7,
	0,0,0,6,4,7,9,0,0,
	0,5,6,0,2,0,7,9,0,
	3,0,0,0,7,6,0,0,5,
	0,2,7,5,0,0,6,8,0,
	0,0,5,7,0,1,0,0,0,
	0,1,0,2,0,0,5,7,0,
	7,0,0,4,5,8,1,6,0	], 2	],


http://davidbau.com/archives/2006/09/04/sudoku_generator.html

http://www.sudokuwiki.org/Sudoku_Creation_and_Grading.pdf

https://stackoverflow.com/questions/3218223/creating-sudoku-initial-boards






[[	3,5,1,6,8,2,4,9,7,
	4,9,8,7,3,1,6,5,2,
	2,7,6,9,4,5,3,1,8,
	1,2,3,4,5,9,7,8,6,
	7,8,9,3,2,6,5,4,1,
	5,6,4,1,7,8,2,3,9,
	9,3,5,8,6,7,1,2,4,
	6,1,2,5,9,4,8,7,3,
	8,4,7,2,1,3,9,6,5	], 2	],


[[	3,0,0,0,8,2,0,9,0,
	0,0,8,0,0,0,0,0,2,
	2,0,6,9,0,5,0,1,0,
	1,0,3,0,5,0,7,8,0,
	0,0,0,0,2,0,0,0,0,
	0,6,4,0,7,0,2,0,9,
	0,3,0,8,0,7,1,0,4,
	6,0,0,0,0,0,8,0,0,
	0,4,0,2,1,0,0,0,5	], 2	],


in teoria è uguale a quello sopra
[[	3,0,0,0,8,2,0,9,0,
	0,0,8,0,0,0,0,0,2,
	2,0,6,9,0,5,0,1,0,
	1,0,3,0,5,0,7,8,0,
	0,0,0,0,2,0,0,0,0,
	0,6,4,0,7,0,2,0,9,
	0,3,0,8,0,7,1,0,4,
	6,0,0,0,0,0,8,0,0,
	0,4,0,2,1,0,0,0,5	], 2	],













randomizeAlreadyKnownSol(seedRandomSudokuSol) { // sbagliatissimo
	

	swap block col (n!)
	1234 	(4->24)

	123 	(3->6)
	132
	213
	231
	321
	312


	swap col
	123456789 	(362880)

	swap row
	123456789

	swap block row
	123

	swap simboli
	123456789[[	3,0,0,0,8,2,0,9,0,
	0,0,8,0,0,0,0,0,2,
	2,0,6,9,0,5,0,1,0,
	1,0,3,0,5,0,7,8,0,
	0,0,0,0,2,0,0,0,0,
	0,6,4,0,7,0,2,0,9,
	0,3,0,8,0,7,1,0,4,
	6,0,0,0,0,0,8,0,0,
	0,4,0,2,1,0,0,0,5	], 2	],

	rotazioni
	4


	186624 (72x72x6x6)


}








randomizeAlreadyKnownSol(seedRandomSudokuSol) {
	

	swap block col (n!)

	123 	(3->6)
	132
	213
	231
	321
	312


	swap col
	123 456 789 	(6*6*6 -> 216)

	swap row
	123 456 789 	(6*6*6 -> 216)

	swap block row
	123 			(6)

	swap simboli
	123456789[[	3,0,0,0,8,2,0,9,0,
	0,0,8,0,0,0,0,0,2,
	2,0,6,9,0,5,0,1,0,
	1,0,3,0,5,0,7,8,0,
	0,0,0,0,2,0,0,0,0,
	0,6,4,0,7,0,2,0,9,
	0,3,0,8,0,7,1,0,4,
	6,0,0,0,0,0,8,0,0,
	0,4,0,2,1,0,0,0,5	], 2	],

	rotazioni
	4


	216x216x36x4x362880

	186624 (72x72x6x6)


}



Miei calcoli

131 681 894 400

4 740 548 198 400

1 720 250 130 235 392 000


Internet's

5 472 730 538

6 670 903 752 021 072 936 960









[[	0,9,0,0,6,0,0,8,4,
	0,3,4,0,0,2,0,0,0,
	0,8,0,0,5,4,3,0,0,
	4,6,0,5,2,0,9,1,0,
	0,0,2,0,0,0,0,0,0,
	9,0,8,0,0,0,7,2,0,
	0,0,0,0,0,0,8,5,6,
	8,7,0,1,0,0,0,0,0,
	0,0,9,0,0,0,0,7,0	], 2	],





altri link 

https://arxiv.org/pdf/0805.0697.pdf

https://en.wikipedia.org/wiki/Mathematics_of_Sudoku




